955 12882.0
18 14740.0
284 16170.0
302 13950.0
1039 12051.0
9 11367.0
568 10455.0
306 13299.0
657 12540.0
211 13580.0
1170 13026.0
751 14852.0
16 10266.0
1002 11174.0
750 13200.0
308 14637.0
616 12096.0
219 11235.0
688 13180.0
414 10209.0
1180 10557.0
1144 12341.0
1057 13230.0
1445 15111.0
1268 15876.0
77 16104.0
295 11254.0
1481 14094.0
192 10817.0
1347 12528.0
322 15656.0
1471 12272.0
546 14513.0
315 14248.0
710 15106.0
877 13090.0
1305 10767.0
421 10260.0
277 12824.0
1406 14478.0
802 14982.0
226 15428.0
718 11271.0
1315 12240.0
480 15330.0
924 13365.0
57 11817.0
1554 11180.0
1323 12144.0
438 11570.0
1275 15444.0
887 11842.0
1070 13431.0
393 11178.0
1115 13140.0
1055 12570.0
445 15510.0
814 10563.0
30 15360.0
991 15939.0
518 12546.0
810 11310.0
1541 12240.0
1139 10192.0
316 11618.0
726 12470.0
446 10535.0
94 11782.0
983 15840.0
80 10836.0
181 13275.0
933 14065.0
906 15873.0
434 15910.0
1507 11984.0
693 11583.0
412 11544.0
850 11535.0
536 10440.0
615 11648.0
1539 13833.0
1160 13079.0
158 15820.0
452 10885.0
486 14796.0
713 15584.0
1286 14532.0
1184 12120.0
1362 13489.0
712 12775.0
1260 11240.0
1389 15496.0
1143 15981.0
756 15742.0
1074 13668.0
20 14233.0
1109 12350.0
1494 16170.0
1419 10842.0
232 13420.0
1280 15252.0
660 15447.0
947 13860.0
1019 15736.0
335 10368.0
1282 10920.0
205 13240.0
498 13659.0
1384 13642.0
661 12825.0
98 11240.0
128 13464.0
511 15128.0
1131 11466.0
1222 13124.0
1080 16244.0
1498 13710.0
737 16261.0
410 12222.0
747 11648.0
691 14520.0
1368 14726.0
257 13200.0
1543 15540.0
471 15785.0
1082 12992.0
687 11415.0
1031 11495.0
442 12874.0
702 13396.0
532 11764.0
1398 10455.0
550 13743.0
636 13530.0
382 12430.0
1241 15600.0
1259 13770.0
1103 13508.0
188 15088.0
404 14763.0
90 13166.0
969 11742.0
1164 13872.0
515 15968.0
520 14663.0
1363 11124.0
126 14630.0
882 11985.0
391 12189.0
1458 10472.0
824 13018.0
1237 11562.0
1302 11475.0
925 13248.0
193 15150.0
805 12496.0
1229 10975.0
1101 13846.0
1278 15504.0
1146 14178.0
389 12915.0
897 10980.0
1526 10440.0
411 10902.0
215 15120.0
1063 12214.0
839 11184.0
174 12992.0
612 12330.0
759 15850.0
1320 12880.0
526 14970.0
1167 10241.0
338 10608.0
1250 11911.0
854 15200.0
967 15334.0
900 13636.0
496 15680.0
1316 11832.0
1295 10460.0
1350 11956.0
1171 10965.0
45 11991.0
926 11526.0
1279 10200.0
576 13984.0
172 11109.0
1292 16324.0
855 10731.0
490 14196.0
359 11925.0
740 14496.0
68 14872.0
1136 14060.0
1154 10395.0
891 14934.0
913 15030.0
1544 13860.0
1254 14994.0
1500 11296.0
1216 10528.0
530 10902.0
1405 11788.0
1472 11236.0
1157 15680.0
1418 12720.0
789 14846.0
262 10488.0
683 16025.0
698 11726.0
588 13244.0
528 14229.0
1386 13508.0
1379 12558.0
1095 10300.0
336 15272.0
1510 11840.0
1233 14718.0
109 11628.0
551 11440.0
33 11368.0
103 15884.0
75 13676.0
1142 10560.0
14 10322.0
1221 13656.0
463 15093.0
29 13056.0
1378 12366.0
1408 14260.0
1159 12672.0
1501 10848.0
247 14320.0
321 16065.0
1496 13275.0
1214 11102.0
1352 12210.0
39 12474.0
1296 12384.0
493 14796.0
715 10249.0
1001 15265.0
921 10800.0
339 12132.0
36 10170.0
1511 10241.0
276 14784.0
1 10962.0
1006 12441.0
733 14075.0
1108 11844.0
273 13776.0
159 16368.0
82 14796.0
176 14256.0
822 13186.0
1485 16211.0
1546 10528.0
462 12348.0
1337 13804.0
1165 11240.0
980 15360.0
431 14036.0
1000 10676.0
547 11025.0
669 14872.0
100 12320.0
851 15002.0
491 11951.0
1168 10469.0
1034 13152.0
825 12355.0
1246 15246.0
248 11310.0
1366 12617.0
521 12369.0
151 13906.0
804 12418.0
436 10692.0
1114 11063.0
779 15648.0
154 10323.0
1326 15026.0
1358 10872.0
1093 13689.0
1520 11625.0
573 14553.0
876 12960.0
722 13545.0
467 12516.0
1273 16164.0
873 11450.0
269 11460.0
43 15573.0
880 11697.0
115 11986.0
1148 12300.0
423 14060.0
728 12880.0
28 14756.0
1096 16344.0
294 12052.0
309 14125.0
1097 12096.0
320 13899.0
938 15540.0
1197 12492.0