921 10800.0
1000 10676.0
926 11526.0
969 11742.0
391 12189.0
80 10836.0
616 12096.0
547 11025.0
1520 11625.0
1510 11840.0
855 10731.0
1039 12051.0
839 11184.0
693 11583.0
880 11697.0
269 11460.0
436 10692.0
718 11271.0
491 11951.0
1260 11240.0
1363 11124.0
1097 12096.0
887 11842.0
359 11925.0
530 10902.0
873 11450.0
295 11254.0
687 11415.0
98 11240.0
192 10817.0
897 10980.0
1131 11466.0
882 11985.0
747 11648.0
551 11440.0
1554 11180.0
1472 11236.0
109 11628.0
1114 11063.0
850 11535.0
1501 10848.0
45 11991.0
1250 11911.0
1350 11956.0
1031 11495.0
810 11310.0
57 11817.0
9 11367.0
1184 12120.0
1165 11240.0
1316 11832.0
1171 10965.0
412 11544.0
452 10885.0
1229 10975.0
1302 11475.0
1323 12144.0
33 11368.0
1282 10920.0
94 11782.0
219 11235.0
294 12052.0
1405 11788.0
532 11764.0
615 11648.0
438 11570.0
411 10902.0
1002 11174.0
172 11109.0
1237 11562.0
1214 11102.0
1 10962.0
1419 10842.0
316 11618.0
1108 11844.0
698 11726.0
248 11310.0
339 12132.0
1500 11296.0
115 11986.0
1305 10767.0
1507 11984.0
393 11178.0
1358 10872.0