393 11178.0
805 12496.0
1055 12570.0
804 12418.0
683 16025.0
728 12880.0
789 14846.0
1035 17824.0
710 15106.0
661 12825.0
511 15128.0
277 12824.0
913 15030.0
336 15272.0
172 11109.0
1541 12240.0
1154 10395.0
1144 12341.0
339 12132.0
309 14125.0
45 11991.0
982 16856.0
1094 17928.0
924 13365.0
1325 16500.0
1260 11240.0
1222 13124.0
446 10535.0
830 17244.0
1 10962.0
1281 16441.0
825 12355.0
839 11184.0
933 14065.0
1509 17850.0
174 12992.0
1280 15252.0
1539 13833.0
1430 16988.0
1000 10676.0
1245 17358.0
702 13396.0
1408 14260.0
126 14630.0
873 11450.0
1510 11840.0
80 10836.0
1275 15444.0
1250 11911.0
1344 17457.0
115 11986.0
1080 16244.0
688 13180.0
248 11310.0
897 10980.0
1246 15246.0
94 11782.0
751 14852.0
316 11618.0
66 16762.0
1386 13508.0
991 15939.0
1271 16740.0
691 14520.0
687 11415.0
520 14663.0
57 11817.0
1316 11832.0
320 13899.0
315 14248.0
1093 13689.0
976 17205.0
30 15360.0
616 12096.0
262 10488.0
1526 10440.0
205 13240.0
1142 10560.0
673 17594.0
874 16840.0
1237 11562.0
1148 12300.0
1214 11102.0
1131 11466.0
1006 12441.0
1362 13489.0
1233 14718.0
10 17100.0
1221 13656.0
82 14796.0
284 16170.0
822 13186.0
90 13166.0
480 15330.0
1368 14726.0
1445 15111.0
947 13860.0
1211 16416.0
750 13200.0
1146 14178.0
1405 11788.0
445 15510.0
232 13420.0
43 15573.0
471 15785.0
491 11951.0
308 14637.0
1384 13642.0
1216 10528.0
610 17043.0
967 15334.0
1350 11956.0
1143 15981.0
1168 10469.0
657 12540.0
612 12330.0
366 16802.0
269 11460.0
1554 11180.0
576 13984.0
1227 17808.0
1286 14532.0
824 13018.0
850 11535.0
1305 10767.0
547 11025.0
740 14496.0
530 10902.0
9 11367.0
158 15820.0
202 16533.0
528 14229.0
1295 10460.0
926 11526.0
1352 12210.0
1472 11236.0
737 16261.0
1406 14478.0
100 12320.0
855 10731.0
39 12474.0
389 12915.0
907 17504.0
851 15002.0
588 13244.0
423 14060.0
335 10368.0
660 15447.0
1164 13872.0
880 11697.0
1378 12366.0
713 15584.0
1292 16324.0
532 11764.0
404 14763.0
1272 16632.0
20 14233.0
1398 10455.0
1379 12558.0
518 12546.0
615 11648.0
636 13530.0
211 13580.0
876 12960.0
1097 12096.0
1498 13710.0
1337 13804.0
921 10800.0
1496 13275.0
1544 13860.0
1351 17936.0
521 12369.0
1171 10965.0
154 10323.0
27 17114.0
244 16750.0
712 12775.0
1101 13846.0
686 16863.0
526 14970.0
1259 13770.0
431 14036.0
436 10692.0
449 16863.0
1034 13152.0
1485 16211.0
1070 13431.0
1478 17186.0
151 13906.0
802 14982.0
109 11628.0
1063 12214.0
854 15200.0
1348 16470.0
722 13545.0
128 13464.0
814 10563.0
463 15093.0
1096 16344.0
980 15360.0
1500 11296.0
442 12874.0
756 15742.0
1507 11984.0
75 13676.0
294 12052.0
1184 12120.0
568 10455.0
411 10902.0
1389 15496.0
1039 12051.0
276 14784.0
1160 13079.0
1159 12672.0
536 10440.0
410 12222.0
247 14320.0
550 13743.0
836 17825.0
779 15648.0
1025 16765.0
322 15656.0
1366 12617.0
906 15873.0
669 14872.0
1180 10557.0
1363 11124.0
1434 17701.0
1115 13140.0
1109 12350.0
1057 13230.0
698 11726.0
1326 15026.0
1197 12492.0
338 10608.0
490 14196.0
1274 16698.0
68 14872.0
295 11254.0
1103 13508.0
1165 11240.0
1273 16164.0
747 11648.0
4 17118.0
887 11842.0
83 16798.0
1543 15540.0
313 17376.0
515 15968.0
1347 12528.0
1074 13668.0
810 11310.0
159 16368.0
1282 10920.0
861 16820.0
226 15428.0
486 14796.0
1001 15265.0
882 11985.0
29 13056.0
1157 15680.0
1031 11495.0
551 11440.0
181 13275.0
103 15884.0
496 15680.0
925 13248.0
321 16065.0
382 12430.0
33 11368.0
1358 10872.0
1136 14060.0
1471 12272.0
733 14075.0
1382 16520.0
1201 16566.0
1229 10975.0
452 10885.0
28 14756.0
546 14513.0
955 12882.0
1002 11174.0
969 11742.0
18 14740.0
1302 11475.0
1481 14094.0
693 11583.0
215 15120.0
1153 16380.0
1296 12384.0
302 13950.0
1546 10528.0
1268 15876.0
467 12516.0
718 11271.0
1278 15504.0
391 12189.0
956 17043.0
603 16605.0
176 14256.0
877 13090.0
306 13299.0
899 16875.0
384 17887.0
359 11925.0
620 17575.0
193 15150.0
1114 11063.0
1170 13026.0
983 15840.0
188 15088.0
726 12470.0
1019 15736.0
1418 12720.0
14 10322.0
77 16104.0
273 13776.0
1501 10848.0
1458 10472.0
1520 11625.0
462 12348.0
434 15910.0
1254 14994.0
438 11570.0
1320 12880.0
493 14796.0
1082 12992.0
326 17202.0
498 13659.0
1108 11844.0
1323 12144.0
1505 17810.0
1315 12240.0
938 15540.0
900 13636.0
1494 16170.0
759 15850.0
929 17728.0
219 11235.0
192 10817.0
412 11544.0
257 13200.0
98 11240.0
573 14553.0
1300 17892.0
1241 15600.0
891 14934.0
1419 10842.0