551 11440.0
1554 11180.0
1216 10528.0
1000 10676.0
715 10249.0
568 10455.0
1398 10455.0
1180 10557.0
1165 11240.0
839 11184.0
421 10260.0
335 10368.0
1229 10975.0
1260 11240.0
1214 11102.0
810 11310.0
1500 11296.0
850 11535.0
269 11460.0
219 11235.0
295 11254.0
926 11526.0
414 10209.0
718 11271.0
1501 10848.0
921 10800.0
1171 10965.0
1305 10767.0
1131 11466.0
36 10170.0
338 10608.0
873 11450.0
1168 10469.0
80 10836.0
1279 10200.0
1358 10872.0
530 10902.0
1142 10560.0
855 10731.0
547 11025.0
436 10692.0
192 10817.0
262 10488.0
1363 11124.0
1031 11495.0
411 10902.0
452 10885.0
1295 10460.0
14 10322.0
172 11109.0
1167 10241.0
814 10563.0
536 10440.0
1002 11174.0
33 11368.0
1302 11475.0
1139 10192.0
1511 10241.0
897 10980.0
98 11240.0
9 11367.0
687 11415.0
1458 10472.0
1114 11063.0
1095 10300.0
154 10323.0
1419 10842.0
16 10266.0
248 11310.0
1282 10920.0
1546 10528.0
1154 10395.0
1526 10440.0
393 11178.0
1 10962.0
1472 11236.0
446 10535.0