1214 11102.0
1131 11466.0
1260 11240.0
687 11415.0
530 10902.0
551 11440.0
1031 11495.0
1237 11562.0
873 11450.0
810 11310.0
412 11544.0
1500 11296.0
436 10692.0
718 11271.0
80 10836.0
316 11618.0
172 11109.0
192 10817.0
1000 10676.0
693 11583.0
1171 10965.0
1501 10848.0
109 11628.0
438 11570.0
547 11025.0
921 10800.0
452 10885.0
1358 10872.0
1 10962.0
1305 10767.0
9 11367.0
850 11535.0
1554 11180.0
393 11178.0
248 11310.0
98 11240.0
1114 11063.0
839 11184.0
926 11526.0
1472 11236.0
1165 11240.0
411 10902.0
1363 11124.0
219 11235.0
1229 10975.0
897 10980.0
33 11368.0
269 11460.0
295 11254.0
747 11648.0
1002 11174.0
1282 10920.0
1520 11625.0
855 10731.0
1419 10842.0
1302 11475.0