1501 10848.0
518 12546.0
1063 12214.0
718 11271.0
804 12418.0
452 10885.0
1055 12570.0
1165 11240.0
192 10817.0
1250 11911.0
698 11726.0
839 11184.0
1302 11475.0
262 10488.0
1458 10472.0
825 12355.0
1296 12384.0
805 12496.0
926 11526.0
14 10322.0
1154 10395.0
1229 10975.0
1216 10528.0
295 11254.0
1554 11180.0
100 12320.0
873 11450.0
57 11817.0
436 10692.0
359 11925.0
657 12540.0
1108 11844.0
382 12430.0
612 12330.0
1541 12240.0
551 11440.0
1323 12144.0
1379 12558.0
1260 11240.0
887 11842.0
462 12348.0
438 11570.0
1347 12528.0
1214 11102.0
547 11025.0
1097 12096.0
1500 11296.0
1378 12366.0
294 12052.0
1419 10842.0
1114 11063.0
9 11367.0
277 12824.0
1472 11236.0
814 10563.0
94 11782.0
1350 11956.0
45 11991.0
115 11986.0
661 12825.0
855 10731.0
1398 10455.0
530 10902.0
1031 11495.0
411 10902.0
1002 11174.0
1000 10676.0
248 11310.0
521 12369.0
969 11742.0
882 11985.0
712 12775.0
1507 11984.0
335 10368.0
1366 12617.0
338 10608.0
726 12470.0
850 11535.0
1305 10767.0
1546 10528.0
269 11460.0
615 11648.0
1131 11466.0
568 10455.0
1418 12720.0
393 11178.0
1006 12441.0
219 11235.0
172 11109.0
536 10440.0
1039 12051.0
1159 12672.0
880 11697.0
1184 12120.0
1471 12272.0
1 10962.0
109 11628.0
1358 10872.0
33 11368.0
1109 12350.0
687 11415.0
412 11544.0
1295 10460.0
339 12132.0
316 11618.0
1168 10469.0
1520 11625.0
446 10535.0
80 10836.0
1282 10920.0
391 12189.0
1315 12240.0
747 11648.0
154 10323.0
1180 10557.0
693 11583.0
98 11240.0
1197 12492.0
1142 10560.0
616 12096.0
1526 10440.0
1144 12341.0
491 11951.0
921 10800.0
1171 10965.0
1510 11840.0
532 11764.0
897 10980.0
467 12516.0
1363 11124.0
442 12874.0
1148 12300.0
39 12474.0
1316 11832.0
810 11310.0
1237 11562.0
410 12222.0
1352 12210.0
1405 11788.0