1, 80
2, 265
3, 251
4, 387
5, 114
6, 102
7, 403
8, 93
9, 350
10, 773
11, 110
12, 406
13, 405
14, 366
15, 426
16, 265
17, 266
18, 513
19, 497
20, 177
21, 322
22, 108
23, 155
24, 659
25, 192
26, 117
27, 866
28, 225
29, 321
30, 791
31, 181
32, 402
33, 193
34, 603
35, 535
36, 741
37, 78
38, 424
39, 398
40, 159
41, 577
42, 375
43, 191
44, 370
45, 864
46, 122
47, 643
48, 460
49, 242
50, 614
51, 941
52, 130
53, 175
54, 849
55, 819
56, 265
57, 705
58, 479
59, 752
60, 159
61, 854
62, 496
63, 329
64, 645
65, 228
66, 367
67, 919
68, 948
69, 134
70, 764
71, 876
72, 462
73, 468
74, 35
75, 793
76, 613
77, 202
78, 139
79, 872
80, 124
81, 412
82, 125
83, 535
84, 161
85, 287
86, 986
87, 396
88, 336
89, 156
90, 406
91, 610
92, 467
93, 244
94, 96
95, 268
96, 108
97, 977
98, 37
99, 439
100, 133
101, 795
102, 101
103, 176
104, 296
105, 415
106, 168
107, 846
108, 265
109, 622
110, 414
111, 318
112, 512
113, 234
114, 114
115, 529
116, 192
117, 584
118, 830
119, 358
120, 122
121, 453
122, 159
123, 351
124, 583
125, 180
126, 343
127, 191
128, 88
129, 235
130, 169
131, 172
132, 656
133, 551
134, 151
135, 67
136, 106
137, 175
138, 546
139, 230
140, 369
141, 75
142, 682
143, 132
144, 89
145, 56
146, 177
147, 103
148, 282
149, 412
150, 92
151, 480
152, 347
153, 835
154, 418
155, 97
156, 139
157, 79
158, 226
159, 445
160, 783
161, 425
162, 65
163, 248
164, 477
165, 825
166, 193
167, 157
168, 171
169, 161
170, 689
171, 163
172, 753
173, 753
174, 282
175, 837
176, 307
177, 77
178, 59
179, 205
180, 180
181, 172
182, 382
183, 69
184, 268
185, 281
186, 347
187, 275
188, 134
189, 372
190, 119
191, 937
192, 206
193, 324
194, 298
195, 363
196, 590
197, 76
198, 118
199, 596
200, 152
201, 552
202, 111
203, 90
204, 399
205, 119
206, 160
207, 785
208, 164
209, 258
210, 645
211, 17
212, 621
213, 646
214, 287
215, 367
216, 936
217, 309
218, 114
219, 279
220, 134
221, 132
222, 364
223, 439
224, 104
225, 415
226, 37
227, 92
228, 485
229, 188
230, 594
231, 639
232, 389
233, 964
234, 788
235, 596
236, 201
237, 69
238, 56
239, 238
240, 169
241, 192
242, 695
243, 371
244, 189
245, 550
246, 181
247, 484
248, 375
249, 445
250, 222
251, 470
252, 295
253, 623
254, 335
255, 139
256, 108
257, 227
258, 60
259, 841
260, 435
261, 821
262, 767
263, 38
264, 820
265, 700
266, 263
267, 364
268, 428
269, 682
270, 177
271, 159
272, 200
273, 346
274, 720
275, 279
276, 529
277, 543
278, 340
279, 513
280, 703
281, 16
282, 422
283, 731
284, 719
285, 150
286, 171
287, 303
288, 493
289, 254
290, 182
291, 665
292, 157
293, 282
294, 117
295, 430
296, 472
297, 402
298, 270
299, 269
300, 181
301, 71
302, 64
303, 268
304, 313
305, 112
306, 777
307, 297
308, 294
309, 207
310, 283
311, 393
312, 146
313, 327
314, 689
315, 259
316, 166
317, 91
318, 81
319, 179
320, 377
321, 768
322, 330
323, 829
324, 557
325, 309
326, 341
327, 138
328, 107
329, 397
330, 211
331, 89
332, 244
333, 101
334, 171
335, 495
336, 571
337, 124
338, 288
339, 752
340, 322
341, 178
342, 69
343, 833
344, 119
345, 872
346, 378
347, 139
348, 372
349, 227
350, 720
351, 141
352, 652
353, 125
354, 279
355, 283
356, 263
357, 349
358, 675
359, 331
360, 673
361, 775
362, 786
363, 138
364, 332
365, 384
366, 137
367, 271
368, 237
369, 567
370, 167
371, 279
372, 300
373, 94
374, 347
375, 106
376, 609
377, 464
378, 187
379, 58
380, 12
381, 175
382, 236
383, 311
384, 438
385, 347
386, 280
387, 326
388, 292
389, 304
390, 297
391, 439
392, 681
393, 284
394, 190
395, 209
396, 776
397, 965
398, 156
399, 220
400, 547
401, 437
402, 822
403, 373
404, 449
405, 305
406, 197
407, 436
408, 134
409, 544
410, 502
411, 416
412, 575
413, 155
414, 357
415, 199
416, 155
417, 540
418, 500
419, 697
420, 655
421, 728
422, 97
423, 863
424, 181
425, 636
426, 395
427, 685
428, 212
429, 672
430, 397
431, 534
432, 449
433, 216
434, 256
435, 162
436, 844
437, 963
438, 680
439, 501
440, 638
441, 572
442, 445
443, 210
444, 349
445, 226
446, 166
447, 249
448, 948
449, 232
450, 943
451, 514
452, 290
453, 863
454, 216
455, 158
456, 63
457, 250
458, 219
459, 263
460, 444
461, 319
462, 110
463, 603
464, 323
465, 29
466, 338
467, 278
468, 958
469, 182
470, 437
471, 162
472, 84
473, 423
474, 287
475, 146
476, 91
477, 86
478, 102
479, 117
480, 220
481, 452
482, 149
483, 859
484, 318
485, 314
486, 964
487, 432
488, 265
489, 358
490, 590
491, 286
492, 247
493, 29
494, 784
495, 514
496, 329
497, 597
498, 438
499, 499
500, 173
501, 162
502, 887
503, 98
504, 456
505, 285
506, 811
507, 109
508, 366
509, 147
510, 218
511, 777
512, 998
513, 140
514, 671
515, 37
516, 48
517, 632
518, 474
519, 310
520, 150
521, 280
522, 98
523, 53
524, 206
525, 454
526, 414
527, 116
528, 565
529, 121
530, 637
531, 143
532, 113
533, 356
534, 165
535, 304
536, 349
537, 40
538, 507
539, 131
540, 140
541, 218
542, 83
543, 197
544, 617
545, 137
546, 294
547, 404
548, 465
549, 319
550, 202
551, 247
552, 237
553, 390
554, 790
555, 804
556, 651
557, 179
558, 259
559, 59
560, 409
561, 601
562, 77
563, 505
564, 322
565, 340
566, 932
567, 455
568, 527
569, 377
570, 104
571, 192
572, 656
573, 154
574, 187
575, 181
576, 762
577, 838
578, 545
579, 415
580, 51
581, 200
582, 65
583, 765
584, 283
585, 128
586, 91
587, 237
588, 156
589, 111
590, 543
591, 298
592, 392
593, 459
594, 661
595, 253
596, 65
597, 861
598, 417
599, 265
600, 143
601, 198
602, 462
603, 52
604, 121
605, 365
606, 246
607, 803
608, 669
609, 89
610, 276
611, 135
612, 716
613, 349
614, 467
615, 98
616, 242
617, 265
618, 252
619, 367
620, 160
621, 873
622, 231
623, 270
624, 582
625, 46
626, 394
627, 82
628, 87
629, 186
630, 667
631, 313
632, 285
633, 503
634, 426
635, 711
636, 293
637, 144
638, 353
639, 520
640, 327
641, 691
642, 175
643, 947
644, 280
645, 103
646, 431
647, 249
648, 78
649, 301
650, 818
651, 236
652, 583
653, 233
654, 90
655, 232
656, 143
657, 309
658, 431
659, 383
660, 104
661, 65
662, 265
663, 195
664, 498
665, 492
666, 622
667, 252
668, 884
669, 424
670, 653
671, 738
672, 35
673, 169
674, 419
675, 92
676, 546
677, 598
678, 194
679, 96
680, 98
681, 449
682, 725
683, 409
684, 650
685, 147
686, 691
687, 144
688, 216
689, 151
690, 404
691, 717
692, 235
693, 102
694, 172
695, 298
696, 315
697, 83
698, 487
699, 428
700, 784
701, 650
702, 161
703, 271
704, 273
705, 172
706, 261
707, 427
708, 703
709, 315
710, 469
711, 314
712, 509
713, 625
714, 396
715, 462
716, 71
717, 934
718, 38
719, 70
720, 334
721, 251
722, 26
723, 512
724, 649
725, 97
726, 949
727, 405
728, 112
729, 302
730, 244
731, 222
732, 312
733, 361
734, 409
735, 480
736, 240
737, 546
738, 313
739, 446
740, 353
741, 483
742, 811
743, 426
744, 888
745, 450
746, 243
747, 199
748, 51
749, 77
750, 592
751, 135
752, 91
753, 402
754, 886
755, 149
756, 185
757, 739
758, 143
759, 417
760, 448
761, 121
762, 278
763, 294
764, 50
765, 128
766, 370
767, 441
768, 612
769, 465
770, 835
771, 413
772, 315
773, 627
774, 387
775, 90
776, 887
777, 371
778, 246
779, 88
780, 92
781, 426
782, 472
783, 345
784, 533
785, 812
786, 716
787, 207
788, 111
789, 344
790, 516
791, 568
792, 763
793, 81
794, 806
795, 125
796, 649
797, 439
798, 344
799, 254
800, 443
801, 176
802, 751
803, 191
804, 338
805, 134
806, 498
807, 492
808, 228
809, 165
810, 520
811, 599
812, 73
813, 310
814, 916
815, 143
816, 720
817, 762
818, 820
819, 63
820, 463
821, 738
822, 196
823, 135
824, 224
825, 263
826, 510
827, 358
828, 728
829, 902
830, 352
831, 429
832, 142
833, 136
834, 687
835, 80
836, 142
837, 460
838, 162
839, 330
840, 101
841, 185
842, 494
843, 640
844, 637
845, 959
846, 363
847, 319
848, 464
849, 295
850, 545
851, 402
852, 655
853, 117
854, 191
855, 692
856, 361
857, 113
858, 425
859, 531
860, 292
861, 722
862, 229
863, 331
864, 42
865, 76
866, 436
867, 139
868, 528
869, 548
870, 205
871, 307
872, 139
873, 783
874, 172
875, 23
876, 248
877, 332
878, 92
879, 474
880, 88
881, 707
882, 110
883, 340
884, 507
885, 237
886, 284
887, 483
888, 918
889, 624
890, 282
891, 194
892, 719
893, 152
894, 505
895, 446
896, 563
897, 682
898, 417
899, 104
900, 203
901, 186
902, 324
903, 10
904, 233
905, 468
906, 243
907, 501
908, 264
909, 359
910, 270
911, 324
912, 56
913, 96
914, 211
915, 225
916, 287
917, 384
918, 209
919, 140
920, 964
921, 392
922, 94
923, 230
924, 889
925, 940
926, 293
927, 103
928, 360
929, 64
930, 174
931, 56
932, 296
933, 186
934, 51
935, 61
936, 220
937, 171
938, 411
939, 172
940, 317
941, 31
942, 109
943, 154
944, 808
945, 105
946, 392
947, 301
948, 103
949, 259
950, 127
951, 226
952, 183
953, 330
954, 64
955, 121
956, 104
957, 162
958, 169
959, 405
960, 173
961, 143
962, 492
963, 658
964, 573
965, 174
966, 496
967, 113
968, 43
969, 863
970, 194
971, 20
972, 80
973, 69
974, 694
975, 234
976, 204
977, 404
978, 270
979, 288
980, 158
981, 326
982, 900
983, 94
984, 152
985, 90
986, 114
987, 572
988, 540
989, 400
990, 85
991, 927
992, 810
993, 510
994, 342
995, 167
996, 95
997, 537
998, 593
999, 263
1000, 447
1001, 208
1002, 163
1003, 156
1004, 130
1005, 101
1006, 369
1007, 660
1008, 233
1009, 756
1010, 318
1011, 99
1012, 407
1013, 207
1014, 448
1015, 48
1016, 802
1017, 212
1018, 57
1019, 665
1020, 463
1021, 441
1022, 646
1023, 422
1024, 255
1025, 536
1026, 79
1027, 253
1028, 112
1029, 242
1030, 9
1031, 218
1032, 515
1033, 967
1034, 395
1035, 769
1036, 583
1037, 387
1038, 812
1039, 326
1040, 436
1041, 589
1042, 105
1043, 411
1044, 633
1045, 295
1046, 114
1047, 98
1048, 223
1049, 546
1050, 180
1051, 105
1052, 555
1053, 190
1054, 307
1055, 234
1056, 213
1057, 323
1058, 323
1059, 182
1060, 167
1061, 278
1062, 123
1063, 198
1064, 198
1065, 108
1066, 63
1067, 114
1068, 473
1069, 135
1070, 245
1071, 326
1072, 134
1073, 531
1074, 63
1075, 995
1076, 157
1077, 147
1078, 405
1079, 450
1080, 185
1081, 147
1082, 417
1083, 156
1084, 336
1085, 212
1086, 286
1087, 506
1088, 265
1089, 545
1090, 288
1091, 82
1092, 150
1093, 186
1094, 884
1095, 32
1096, 77
1097, 421
1098, 246
1099, 189
1100, 307
1101, 214
1102, 152
1103, 213
1104, 976
1105, 185
1106, 213
1107, 324
1108, 264
1109, 949
1110, 868
1111, 190
1112, 895
1113, 141
1114, 471
1115, 321
1116, 110
1117, 275
1118, 519
1119, 346
1120, 315
1121, 349
1122, 301
1123, 90
1124, 68
1125, 458
1126, 389
1127, 299
1128, 478
1129, 64
1130, 298
1131, 243
1132, 939
1133, 365
1134, 321
1135, 189
1136, 261
1137, 400
1138, 278
1139, 234
1140, 348
1141, 428
1142, 987
1143, 215
1144, 355
1145, 137
1146, 574
1147, 631
1148, 171
1149, 70
1150, 31
1151, 456
1152, 757
1153, 185
1154, 169
1155, 481
1156, 305
1157, 294
1158, 429
1159, 571
1160, 860
1161, 69
1162, 45
1163, 795
1164, 743
1165, 436
1166, 514
1167, 76
1168, 64
1169, 395
1170, 204
1171, 182
1172, 316
1173, 52
1174, 442
1175, 649
1176, 290
1177, 362
1178, 140
1179, 531
1180, 118
1181, 361
1182, 219
1183, 64
1184, 694
1185, 271
1186, 264
1187, 256
1188, 306
1189, 131
1190, 123
1191, 681
1192, 39
1193, 87
1194, 157
1195, 97
1196, 350
1197, 905
1198, 281
1199, 278
1200, 87
1201, 301
1202, 300
1203, 486
1204, 429
1205, 368
1206, 150
1207, 495
1208, 203
1209, 111
1210, 142
1211, 821
1212, 628
1213, 133
1214, 94
1215, 904
1216, 203
1217, 277
1218, 96
1219, 809
1220, 58
1221, 284
1222, 152
1223, 284
1224, 479
1225, 423
1226, 564
1227, 521
1228, 116
1229, 126
1230, 352
1231, 220
1232, 73
1233, 125
1234, 161
1235, 59
1236, 299
1237, 49
1238, 413
1239, 589
1240, 847
1241, 237
1242, 224
1243, 16
1244, 62
1245, 248
1246, 305
1247, 387
1248, 247
1249, 208
1250, 169
1251, 359
1252, 370
1253, 420
1254, 125
1255, 249
1256, 735
1257, 253
1258, 627
1259, 311
1260, 324
1261, 538
1262, 434
1263, 484
1264, 968
1265, 78
1266, 461
1267, 28
1268, 488
1269, 622
1270, 395
1271, 236
1272, 241
1273, 198
1274, 51
1275, 181
1276, 655
1277, 334
1278, 428
1279, 847
1280, 365
1281, 91
1282, 612
1283, 431
1284, 945
1285, 240
1286, 556
1287, 656
1288, 310
1289, 112
1290, 174
1291, 552
1292, 219
1293, 455
1294, 540
1295, 257
1296, 539
1297, 75
1298, 295
1299, 283
1300, 718
1301, 354
1302, 182
1303, 175
1304, 455
1305, 373
1306, 137
1307, 208
1308, 363
1309, 494
1310, 433
1311, 404
1312, 186
1313, 94
1314, 514
1315, 186
1316, 89
1317, 590
1318, 346
1319, 393
1320, 263
1321, 626
1322, 834
1323, 917
1324, 914
1325, 635
1326, 95
1327, 73
1328, 304
1329, 28
1330, 85
1331, 716
1332, 481
1333, 458
1334, 85
1335, 248
1336, 285
1337, 524
1338, 388
1339, 46
1340, 385
1341, 619
1342, 129
1343, 600
1344, 543
1345, 323
1346, 234
1347, 475
1348, 298
1349, 88
1350, 314
1351, 229
1352, 374
1353, 927
1354, 323
1355, 105
1356, 365
1357, 89
1358, 222
1359, 171
1360, 287
1361, 385
1362, 281
1363, 413
1364, 122
1365, 402
1366, 36
1367, 67
1368, 184
1369, 169
1370, 59
1371, 150
1372, 729
1373, 243
1374, 905
1375, 565
1376, 243
1377, 930
1378, 56
1379, 44
1380, 156
1381, 310
1382, 206
1383, 405
1384, 927
1385, 265
1386, 539
1387, 632
1388, 135
1389, 91
1390, 105
1391, 205
1392, 283
1393, 298
1394, 419
1395, 62
1396, 116
1397, 217
1398, 237
1399, 516
1400, 425
1401, 252
1402, 230
1403, 231
1404, 184
1405, 343
1406, 520
1407, 117
1408, 295
1409, 933
1410, 469
1411, 41
1412, 979
1413, 415
1414, 265
1415, 268
1416, 722
1417, 417
1418, 99
1419, 470
1420, 519
1421, 77
1422, 918
1423, 486
1424, 308
1425, 154
1426, 492
1427, 44
1428, 102
1429, 260
1430, 149
1431, 50
1432, 471
1433, 71
1434, 337
1435, 201
1436, 764
1437, 370
1438, 496
1439, 215
1440, 519
1441, 248
1442, 172
1443, 221
1444, 875
1445, 382
1446, 131
1447, 600
1448, 465
1449, 752
1450, 290
1451, 99
1452, 255
1453, 285
1454, 148
1455, 489
1456, 321
1457, 470
1458, 340
1459, 56
1460, 658
1461, 716
1462, 882
1463, 186
1464, 286
1465, 902
1466, 623
1467, 147
1468, 59
1469, 477
1470, 364
1471, 405
1472, 914
1473, 638
1474, 140
1475, 71
1476, 536
1477, 154
1478, 146
1479, 409
1480, 306
1481, 673
1482, 293
1483, 96
1484, 278
1485, 515
1486, 657
1487, 199
1488, 347
1489, 794
1490, 413
1491, 259
1492, 422
1493, 983
1494, 703
1495, 218
1496, 802
1497, 397
1498, 275
1499, 290
1500, 167
1501, 268
1502, 779
1503, 102
1504, 140
1505, 559
1506, 188
1507, 183
1508, 180
1509, 383
1510, 419
1511, 586
1512, 547
1513, 256
1514, 152
1515, 722
1516, 705
1517, 282
1518, 345
1519, 392
1520, 247
1521, 796
1522, 391
1523, 956
1524, 110
1525, 232
1526, 861
1527, 49
1528, 921
1529, 557
1530, 305
1531, 285
1532, 442
1533, 87
1534, 134
1535, 503
1536, 155
1537, 642
1538, 178
1539, 314
1540, 90
1541, 753
1542, 904
1543, 260
1544, 94
1545, 319
1546, 356
1547, 527
1548, 247
1549, 294
1550, 664
1551, 203
1552, 743
1553, 956
1554, 378
1555, 89
1556, 169
1557, 176
1558, 628
1559, 36