776 1011395.0
887 863166.0
889 1298745.0
350 949468.0
541 1021364.0
497 1076558.0
764 1005142.0
349 966328.0
863 1227280.0
72 1442045.0
205 962480.0
16 1014735.0
369 994584.0
56 880299.0
111 1076670.0
39 1345185.0
176 1008752.0
74 1282743.0
351 1088416.0
664 1266730.0
117 1082653.0
676 1109084.0
982 1101891.0
374 1208721.0
33 1003068.0
658 1011024.0
922 856950.0
277 1172450.0
121 1251834.0
884 885195.0
511 1186100.0
32 908084.0
693 855992.0
632 952578.0
747 1256913.0
495 978803.0
990 915208.0
830 1086508.0
721 910143.0
793 1111932.0