542 1578807.0
277 1172450.0
990 915208.0
350 949468.0
547:355:389:358:72:753:243:116:767:854:280:59:28:765:606:511 843614.0
481:547:389:358:753:243:116:767:854:280:59:28:765:606:511 824466.0
664 1266730.0
922 856950.0
481:547:355:389:358:72:753:243:767:854:280:59:28:765:606:511 853643.0
481:547:355:389:358:72:753:243:116:854:280:59:28:765:606:511 853138.0
497 1076558.0
72 1442045.0
74 1282743.0
284 1625028.0
541 1021364.0
481:547:389:358:72:243:767:854:280:59:28:765:606:511 819446.0
481:547:355:389:358:753:243:116:767:854:280:59:28:765:606:511 846908.0
481:547:389:358:243:116:767:854:280:59:28:765:606:511 813756.0
39 1345185.0
116 1523085.0
632 952578.0
176 1008752.0
111 1076670.0
428 847604.0
349 966328.0
830 1086508.0
155 838477.0
32 908084.0
351 1088416.0
481:547:389:358:72:243:116:854:280:59:28:765:606:511 818757.0
117 1082653.0
764 1005142.0
495 978803.0
280 2649720.0
562 1449350.0
889 1298745.0
767 2160700.0
481:547:355:389:358:72:753:243:116:767:854:280:59:28:765:606:511 909786.0
146 1905456.0
481:547:389:358:72:753:243:116:854:280:59:28:765:606:511 830925.0
887 863166.0
481:547:389:358:72:753:243:116:854:280:59:28:765:606:767 847131.0
16 1014735.0
374 1208721.0
776 1011395.0
511 1186100.0
481:547:389:358:72:753:243:116:767:854:280:59:28:765:606:511 888031.0
481:547:389:358:72:753:243:767:854:280:59:28:765:606:511 830972.0
468 819859.0
481 1635306.0
121 1251834.0
530 2158690.0
56 880299.0
982 1101891.0
481:547:355:389:358:72:243:116:854:280:59:28:765:606:511 841657.0
481:547:355:389:358:72:243:116:854:280:59:28:765:606:767 860797.0
598 809619.0
721 910143.0
481:547:355:389:358:72:243:116:767:854:280:59:28:765:606:511 904151.0
547:389:358:72:753:243:116:767:854:280:59:28:765:606:511 820943.0
919 828762.0
369 994584.0
676 1109084.0
481:547:389:358:72:243:116:854:280:59:28:765:606:767 838355.0
658 1011024.0
481:547:355:389:358:72:753:243:854:280:59:28:765:606:767 810698.0
863 1227280.0
693 855992.0
481:547:355:389:358:72:243:767:854:280:59:28:765:606:511 842804.0
481:547:355:389:358:243:116:767:854:280:59:28:765:606:511 836885.0
205 962480.0
33 1003068.0
218 3123718.0
793 1111932.0
481:547:355:389:358:72:753:243:116:854:280:59:28:765:606 810602.0
481:547:355:389:358:72:753:243:116:854:280:59:28:765:606:767 868886.0
747 1256913.0
547:355:389:358:72:243:116:767:854:280:59:28:765:606:511 827945.0
420 817974.0
481:547:389:358:72:243:116:767:854:280:59:28:765:606:511 881709.0
884 885195.0