481:547:355:389:358:753:243:116:767:854:280:59:28:765:606:511 846908.0
16 1014735.0
547:355:389:358:72:753:243:116:767:854:280:59:28:765:606:511 843614.0
481:547:355:389:358:72:753:243:767:854:280:59:28:765:606:511 853643.0
481:547:355:389:358:72:753:243:854:280:59:28:765:606:767 810698.0
632 952578.0
547:355:389:358:753:243:116:767:854:280:59:28:765:606:511 775853.0
767 2160700.0
39 1345185.0
481:547:355:389:358:72:753:243:854:280:59:28:765:606 750135.0
990 915208.0
205 962480.0
530 2158690.0
74 1282743.0
664 1266730.0
676 1109084.0
277 1172450.0
468 819859.0
884 885195.0
374 1208721.0
481:547:355:389:358:72:753:243:116:854:280:59:28:765:606 810602.0
301 755478.0
776 1011395.0
495 978803.0
72 1442045.0
280 2649720.0
350 949468.0
547:355:389:358:72:753:243:116:854:280:59:28:765:606:767 799851.0
369 994584.0
56 880299.0
349 966328.0
747 1256913.0
547:355:389:358:72:753:243:767:854:280:59:28:765:606:511 778256.0
116 1523085.0
922 856950.0
693 855992.0
887 863166.0
481:547:355:389:358:72:753:243:116:767:854:59:28:765:606:511 802491.0
121 1251834.0
889 1298745.0
562 1449350.0
351 1088416.0
117 1082653.0
47 798490.0
481:547:355:389:358:753:243:116:854:280:59:28:765:606:511 787208.0
511 1186100.0
218 3123718.0
793 1111932.0
481:547:355:389:358:72:753:243:116:854:59:28:765:606:511 743044.0
73 740376.0
284 1625028.0
886 764859.0
658 1011024.0
176 1008752.0
539 754992.0
481:547:355:389:358:72:753:243:116:854:280:59:28:765:606:767 868886.0
481:547:355:389:358:72:753:243:116:854:59:28:765:606:767 761591.0
759 765160.0
420 817974.0
982 1101891.0
111 1076670.0
830 1086508.0
481:547:355:389:358:753:243:116:854:280:59:28:765:606 743445.0
481:547:355:389:358:72:753:243:767:854:59:28:765:606:511 741683.0
32 908084.0
481:547:355:389:358:72:753:243:116:854:280:59:28:765:606:511 853138.0
764 1005142.0
541 1021364.0
863 1227280.0
481:547:355:389:358:753:243:767:854:280:59:28:765:606:511 782515.0
481:547:355:389:358:72:753:243:854:280:59:28:765:606:511 794716.0
919 828762.0
155 838477.0
598 809619.0
428 847604.0
542 1578807.0
481 1635306.0
481:547:355:389:358:753:243:116:854:280:59:28:765:606:767 804781.0
497 1076558.0
33 1003068.0
481:547:355:389:358:72:753:243:116:767:854:280:59:28:765:606:511 909786.0
547:355:389:358:72:753:243:116:854:280:59:28:765:606:511 780868.0
146 1905456.0
721 910143.0