111 1076670.0
33:194:198:73:493:990 795810.0
33:194:73:493:527:990 807162.0
33:424:73:522:493:527 785458.0
33:73:522:493:527:990 912722.0
56 880299.0
116 1523085.0
218:767 806976.0
721 910143.0
642:264:47:468:830 796552.0
676 1109084.0
33:194:73:522:493:527 869206.0
495 978803.0
277 1172450.0
664 1266730.0
33:198:73:522:493:402 808534.0
990 915208.0
33:194:73:522:527:990 807362.0
218:146 1005710.0
33:73:522:842:493:527 787667.0
497 1076558.0
919 828762.0
280:767 786873.0
33:194:198:522:493:402 789610.0
176 1008752.0
33:578:198:522:493:990 841544.0
33:198:73:522:493:527 840625.0
33:194:424:73:522:493 802932.0
632 952578.0
33:578:73:522:493:527 829238.0
369 994584.0
33:194:73:522:493:990 930252.0
351 1088416.0
982 1101891.0
33:260:198:522:493:990 794727.0
33:194:578:73:493:990 785664.0
205 962480.0
146 1905456.0
33:194:198:522:493:527 821661.0
350 949468.0
33:194:578:73:522:493 846468.0
33:194:522:493:990 814088.0
47 798490.0
598 809619.0
887 863166.0
33:198:73:522:493:990 901671.0
33:194:73:522:493:402 836785.0
374 1208721.0
218:562 884492.0
793 1111932.0
117 1082653.0
280:481 791979.0
33:194:73:522:493 789536.0
468 819859.0
33:194:198:522:493:990 882707.0
280 2649720.0
33:424:73:522:493:990 845528.0
511 1186100.0
16 1014735.0
74 1282743.0
33:73:522:493:990 833052.0
747 1256913.0
33:260:73:522:493:990 840052.0
33:578:73:522:493:990 887712.0
33:578:73:522:493:402 797924.0
33:194:73:522:842:493 804043.0
693 855992.0
33:194:424:522:493:990 826624.0
33:73:522:493:402:990 878949.0
33:578:198:522:493:527 783070.0
767 2160700.0
922 856950.0
658 1011024.0
33:578:198:73:522:493 818712.0
349 966328.0
889 1298745.0
764 1005142.0
280:218 808240.0
33:194:260:73:522:493 799728.0
542 1578807.0
33:522:493:527:990 796558.0
284 1625028.0
33:194:842:522:493:990 825811.0
33:73:522:842:493:990 844987.0
33:578:194:522:493:990 869300.0
33:198:522:493:527:990 865177.0
33:194:578:522:493:527 810826.0
121 1251834.0
33 1003068.0
33:198:522:493:990 785507.0
72 1442045.0
33:194:522:493:402:990 860025.0
530 2158690.0
33:194:522:493:527:990 893758.0
481 1635306.0
33:194:578:73:522:990 786944.0
420 817974.0
33:194:522:493:527:402 800265.0
884 885195.0
562 1449350.0
428 847604.0
218:74 831705.0
541 1021364.0
39 1345185.0
33:194:260:522:493:990 823056.0
642:264:47:468:662 798268.0
33:194:198:73:522:493 858155.0
33:198:424:522:493:990 798271.0
32 908084.0
33:73:522:493:527:402 819189.0
194:73:522:493:990 796760.0
155 838477.0
863 1227280.0
33:198:522:493:402:990 831774.0
776 1011395.0
830 1086508.0
33:194:578:198:522:493 800300.0
218 3123718.0
33:194:198:73:522:990 796311.0