721 910143.0
72 1442045.0
693 855992.0
776 1011395.0
155 838477.0
205 962480.0
33:194:260:73:522:493 799728.0
218:74 831705.0
374 1208721.0
33:194:73:522:493 789536.0
884 885195.0
922 856950.0
218:767 806976.0
497 1076558.0
33:194:73:522:493:527 869206.0
111 1076670.0
542 1578807.0
33:194:73:522:493:402 836785.0
284 1625028.0
117 1082653.0
280:767 786873.0
349 966328.0
481 1635306.0
32 908084.0
16 1014735.0
887 863166.0
39 1345185.0
33:198:522:493:990 785507.0
56 880299.0
767 2160700.0
116 1523085.0
33 1003068.0
351 1088416.0
176 1008752.0
277 1172450.0
982 1101891.0
428 847604.0
642:264:47:468:830 796552.0
280 2649720.0
74 1282743.0
33:194:424:73:522:493 802932.0
280:218 808240.0
562 1449350.0
793 1111932.0
598 809619.0
658 1011024.0
33:194:198:73:493:990 795810.0
33:194:198:73:522:493 858155.0
495 978803.0
642:264:47:468:662 798268.0
863 1227280.0
541 1021364.0
889 1298745.0
47 798490.0
33:194:198:73:522:990 796311.0
33:194:522:493:990 814088.0
664 1266730.0
369 994584.0
764 1005142.0
747 1256913.0
632 952578.0
194:73:522:493:990 796760.0
33:73:522:493:990 833052.0
33:522:493:527:990 796558.0
830 1086508.0
919 828762.0
420 817974.0
218:562 884492.0
530 2158690.0
468 819859.0
218 3123718.0
218:146 1005710.0
146 1905456.0
511 1186100.0
280:481 791979.0
350 949468.0
121 1251834.0
676 1109084.0
990 915208.0