16 1014735.0
922 856950.0
39 1345185.0
990 915208.0
693 855992.0
541 1021364.0
280 2649720.0
982 1101891.0
72 1442045.0
56 880299.0
33 1003068.0
32 908084.0
146 1905456.0
764 1005142.0
218 3123718.0
511 1186100.0
747 1256913.0
830 1086508.0
369 994584.0
481:547:355:389:358:72:753:243:116:854:280:59:28:765:606:767 868886.0
887 863166.0
676 1109084.0
884 885195.0
481:547:355:389:358:72:753:243:116:854:280:59:28:765:606:511 853138.0
776 1011395.0
632 952578.0
74 1282743.0
889 1298745.0
277 1172450.0
117 1082653.0
351 1088416.0
111 1076670.0
205 962480.0
121 1251834.0
176 1008752.0
562 1449350.0
495 978803.0
863 1227280.0
284 1625028.0
793 1111932.0
664 1266730.0
721 910143.0
116 1523085.0
481:547:355:389:358:72:753:243:767:854:280:59:28:765:606:511 853643.0
481:547:355:389:358:72:753:243:116:767:854:280:59:28:765:606:511 909786.0
767 2160700.0
374 1208721.0
497 1076558.0
658 1011024.0
530 2158690.0
350 949468.0
542 1578807.0
349 966328.0
481 1635306.0