721 8504048.0
572 6953620.0
488 8082316.0
639 6426864.0
156 6104917.0
879 6416034.0
391 5706558.0
423 6117056.0
73 8230717.0
52 7245264.0
693 8395968.0
612 7576195.0
29 6424704.0
276 8500390.0
211 6607868.0
801 6959609.0
363 5760280.0
750 7550776.0
687 6958798.0
724 6142972.0
640 6497156.0
695 6895392.0
56 5687808.0
685 6519944.0
763 7167312.0
71 5543874.0
914 7503460.0
415 6919737.0
198 7322964.0
402 7516208.0
243 6429646.0
374 7772237.0
877 5624684.0
424 7911729.0
174 6395400.0
945 6285701.0
311 6035442.0
22 5595528.0
999 6487173.0
542 8191260.0
842 6996106.0
309 5686538.0
169 5615680.0
72 7781847.0
58 5965224.0
119 6042660.0
860 5598834.0
218 7216844.0
378 6338696.0